D:\FIIT-STU-BA\FIIT-STU-BP\Bakalárska práca\Temp\100_7100.JPG
D:\FIIT-STU-BA\FIIT-STU-BP\Bakalárska práca\Temp\100_7102.JPG
202
338 371 180 248 71 407 223 313 355 45 26 78 160 50 264 92 298 125 261 97 167 376 296 23 20 408 52 225 497 177 91 448 445 127 81 409 172 60 95 119 484 98 276 179 420 327 72 7 16 87 163 345 386 492 490 67 452 185 176 353 257 133 195 194 11 395 466 302 197 183 110 438 404 429 300 483 491 3 4 444 368 314 108 166 454 268 449 143 134 254 103 226 99 96 494 249 210 415 311 85 213 379 476 439 220 51 488 253 405 485 481 329 282 93 281 181 145 480 372 117 49 262 288 130 18 499 141 455 102 63 75 56 193 192 198 473 373 457 58 239 332 101 377 382 385 354 205 137 495 151 39 47 237 416 348 318 273 392 489 171 242 383 124 417 413 105 477 231 374 191 330 346 406 310 340 358 107 228 450 459 57 155 278 255 178 341 271 434 79 469 243 156 142 432 322 250 149 41 28 212 44 422 
0 2 3 5 8 12 17 19 26 27 28 29 31 33 34 35 36 39 41 52 53 55 57 58 59 60 61 67 68 69 71 72 74 79 81 82 84 85 86 92 95 96 102 106 107 111 117 118 124 126 128 129 135 139 140 143 145 147 149 150 151 152 157 158 160 161 166 168 170 172 175 182 185 186 187 192 193 194 196 199 203 204 205 206 212 213 218 222 224 226 227 228 235 236 237 238 242 246 248 252 253 254 258 260 263 264 265 267 268 270 272 279 281 286 289 290 291 293 295 297 305 306 308 309 310 312 313 319 325 326 327 329 336 339 340 342 344 348 349 351 352 354 356 357 358 359 360 361 362 363 365 366 372 374 376 378 380 389 395 399 402 403 405 412 414 417 418 419 420 421 422 423 424 426 427 429 430 437 442 443 446 447 448 449 455 463 465 466 473 474 475 477 479 481 482 491 492 493 494 495 496 499 

D:\FIIT-STU-BA\FIIT-STU-BP\Bakalárska práca\Temp\100_7100.JPG
D:\FIIT-STU-BA\FIIT-STU-BP\Bakalárska práca\Temp\100_7104.JPG
169
46 180 86 241 444 174 314 405 85 475 59 9 94 162 231 80 278 30 298 133 209 408 459 374 277 170 23 194 60 284 460 495 51 6 223 431 256 117 151 300 269 7 477 348 493 48 334 158 160 295 68 78 5 468 392 105 203 0 497 469 286 249 91 131 302 257 44 415 363 407 250 125 58 70 453 262 229 226 208 108 264 480 441 342 169 496 271 376 113 83 196 399 204 193 192 355 319 485 56 66 227 484 282 488 217 406 267 222 409 95 159 146 379 375 387 328 198 240 389 100 143 137 103 273 289 8 243 177 318 3 101 361 16 443 82 14 494 411 345 417 167 362 482 207 179 27 28 185 425 236 124 381 93 212 340 481 429 457 263 373 41 455 386 67 478 422 215 270 321 
1 3 6 9 13 15 16 19 21 22 26 28 31 34 36 37 40 41 42 45 47 48 51 53 56 57 58 59 62 67 73 75 77 81 84 86 87 90 94 100 103 104 107 109 110 111 115 118 120 123 127 133 135 138 139 140 143 151 154 156 157 159 160 161 165 170 172 174 175 176 181 185 187 190 198 201 205 210 212 220 234 236 238 241 247 248 249 250 252 254 258 260 262 263 265 269 270 271 274 281 286 288 296 299 301 309 311 312 316 318 322 323 324 325 326 328 329 330 331 337 341 343 350 353 365 366 368 370 371 381 384 385 387 388 390 392 394 402 403 404 408 414 424 425 427 428 433 435 436 437 438 440 444 445 449 450 451 452 458 459 464 467 470 475 479 491 492 498 499 

D:\FIIT-STU-BA\FIIT-STU-BP\Bakalárska práca\Temp\100_7102.JPG
D:\FIIT-STU-BA\FIIT-STU-BP\Bakalárska práca\Temp\100_7104.JPG
236
11 401 79 331 70 161 61 261 86 35 75 83 268 379 17 337 405 488 416 4 174 409 95 125 55 411 45 295 290 6 422 133 124 60 44 417 187 177 431 284 59 30 178 189 127 22 7 73 29 64 28 102 227 87 52 250 93 357 150 324 112 186 469 377 20 447 434 197 200 8 266 371 198 123 58 435 240 201 440 57 126 209 140 272 362 414 471 327 385 193 320 214 82 167 453 145 433 39 188 349 252 451 48 172 426 129 274 223 218 185 175 492 211 305 38 249 395 413 119 144 314 215 293 408 190 392 204 479 388 207 354 472 9 359 482 276 163 318 255 308 288 402 391 282 325 301 415 300 180 228 173 365 14 169 374 25 333 135 67 254 380 237 148 270 205 294 328 298 367 387 428 352 317 407 347 5 445 484 226 15 164 364 384 216 355 84 319 373 334 329 393 260 130 350 311 23 343 321 389 462 340 230 420 196 399 210 458 432 303 396 202 457 221 286 454 459 412 3 397 465 461 466 256 31 470 452 2 423 493 494 296 476 473 496 107 495 
0 1 3 4 5 6 7 9 10 13 16 18 19 21 22 23 25 27 28 29 30 31 32 37 38 39 40 41 42 44 45 46 47 48 51 52 53 55 56 59 62 63 64 66 70 72 73 74 76 77 81 83 86 87 92 94 97 99 103 104 105 109 111 112 114 118 119 121 122 123 124 126 129 131 135 136 137 139 140 143 148 149 154 155 156 160 161 165 167 168 169 170 172 174 175 177 181 182 184 187 189 190 191 192 198 200 203 206 207 212 215 216 218 220 224 225 226 227 228 231 234 235 236 243 246 247 251 252 256 257 258 265 269 270 272 276 277 279 283 286 287 289 290 291 293 294 297 303 305 306 307 309 312 314 316 317 319 321 322 324 325 326 327 329 330 331 333 338 356 357 358 359 360 364 365 366 368 369 370 371 372 375 376 378 380 381 383 384 385 389 396 397 398 399 401 402 411 414 418 419 421 422 424 425 427 428 429 430 431 432 433 440 443 444 446 448 449 452 455 461 462 467 475 477 478 480 482 483 484 487 488 489 491 493 498 499 

